40 94 92
70 7 465
27 30 451
82 32 2
98 81 182
0 94 138
28 66 217
4 93 4
15 10 427
67 32 102
68 83 20
58 62 46
28 7 385
93 30 371
97 67 460
47 78 361
0 54 52
37 99 199
87 46 307
21 8 292
86 84 183
12 95 351
68 68 205
84 83 472
64 5 481
49 11 207
73 62 434
31 82 469
56 96 286
12 25 241
59 65 63
56 1 229
3 58 420
65 34 106
87 41 298
13 23 346
16 32 403
80 34 367
86 32 392
44 82 315
26 91 252
100 98 227
64 69 246
52 61 430
34 75 27
78 3 153
77 86 59
72 28 208
85 74 76
42 61 479
79 63 38
90 95 158
17 9 335
24 81 482
13 84 424
3 68 76
53 42 471
50 96 199
77 80 172
89 24 243
33 72 295
90 97 417
79 15 87
41 26 195
62 61 438
49 40 385
57 93 237
88 60 91
96 19 51
53 20 360
45 96 423
48 18 326
89 25 414
48 6 260
53 95 100
99 81 103
14 22 233
47 66 150
45 71 139
8 29 150
10 40 351
17 14 322
64 84 200
4 62 80
60 68 179
64 1 34
11 86 68
53 52 400
12 67 457
29 14 408
69 1 102
82 46 405
43 36 325
4 8 449
71 45 44
56 0 392
6 61 48
95 55 219
94 80 391
69 73 274
46 0 107
59 52 107
64 40 257
72 21 446
100 71 10
7 95 315
35 11 70
95 5 270
36 41 183
28 91 65
99 100 145
10 44 157
94 95 131
57 24 211
40 28 293
97 16 166
81 20 23
66 11 331
52 68 195
87 5 167
20 65 299
68 14 17
48 52 488
29 75 345
20 32 222
18 8 297
6 9 432
57 28 199
72 17 102
46 71 14
74 68 234
50 36 254
73 33 183
46 17 456
87 46 455
39 41 356
83 51 242
82 61 73
84 22 246
60 74 99
47 11 474
16 65 85
87 11 239
34 66 154
65 13 392
83 98 117
80 81 183
58 44 178
4 9 21
20 3 470
49 88 458
58 28 234
26 88 298
46 27 465
95 11 198
12 76 425
100 11 79
41 62 272
18 71 301
39 5 493
69 27 189
33 73 426
8 50 431
8 23 91
2 40 324
82 28 90
49 20 393
32 20 445
73 51 495
91 30 163
78 30 234
24 78 49
95 64 77
10 41 298
86 0 390
100 37 157
27 48 36
36 67 194
24 76 6
54 33 239
8 53 266
84 21 65
93 81 136
85 67 132
59 58 308
90 87 258
18 60 90
91 25 122
8 5 175
81 32 196
48 36 22
7 92 447
32 0 445
47 76 236
8 70 239
96 40 84
68 35 436
93 38 199
4 14 272
16 47 250
2 93 321
14 92 56
87 48 246
63 32 372
41 4 300
10 42 95
64 76 156
99 87 350
8 54 123
17 23 169
9 56 480
35 61 443
6 60 298
6 6 82
30 25 431
3 16 324
51 13 352
35 50 51
82 75 499
30 34 254
34 72 464
58 1 288
29 63 106
62 89 60
13 11 214
4 17 276
70 21 27
86 79 385
19 9 449
44 87 337
22 53 274
72 32 397
74 71 208
62 79 331
19 92 84
5 38 133
71 63 371
98 67 494
76 21 295
81 51 16
22 67 410
13 41 57
2 25 341
89 11 1
70 45 498
81 43 9
32 9 318
18 16 65
52 94 286
62 22 134
93 54 51
62 37 243
75 52 500
45 11 256
76 80 84
12 74 342
93 39 323
89 42 250
48 57 166
9 30 16
59 47 460
60 45 487
61 35 214
95 15 466
84 92 15
15 39 318
16 48 292
8 83 465
100 72 242
80 74 264
39 14 173
46 97 100
41 31 118
71 87 117
90 7 280
82 5 134
47 20 366
70 2 71
49 32 29
63 72 451
25 34 5
26 97 348
88 78 332
21 71 381
99 23 455
29 93 282
68 98 244
20 57 227
78 18 49
35 66 496
99 85 252
44 48 19
7 12 30
60 8 462
19 0 90
1 34 380
23 65 18
3 37 291
72 75 471
25 34 482
16 69 183
95 18 321
53 79 450
79 66 31
32 31 353
99 34 205
9 56 67
79 79 232
85 36 305
23 65 444
37 23 363
67 75 150
55 8 179
97 45 152
44 80 374
26 93 353
71 58 353
34 90 477
35 74 276
71 28 445
86 14 144
12 2 414
98 58 246
36 39 377
16 40 330
51 27 145
27 98 404
27 66 332
41 99 440
5 90 197
64 55 405
84 71 205
62 3 440
63 71 257
91 37 450
90 39 6
60 5 289
97 87 15
17 87 458
8 21 37
72 96 147
69 66 279
33 46 67
50 25 399
84 48 274
74 32 5
87 67 485
9 65 428
97 63 272
70 66 295
99 85 273
5 81 423
36 31 413
72 9 298
41 44 369
70 2 188
9 76 374
83 2 254
93 81 453
18 23 204
27 66 387
40 15 275
18 16 433
23 54 222
47 54 99
36 38 400
59 39 399
45 59 294
23 33 394
55 38 109
26 67 92
88 58 116
85 26 194
7 28 142
24 14 30
98 39 131
43 27 178
8 62 65
20 23 125
55 81 101
98 37 53
96 43 462
4 33 157
26 63 42
60 38 253
5 5 383
30 81 262
29 49 467
52 95 134
10 99 378
14 17 24
49 1 431
28 18 438
75 39 269
95 60 50
31 51 368
20 35 337
10 67 54
19 57 294
62 19 125
75 23 306
40 12 357
36 17 60
99 49 262
22 37 117
83 42 90
21 4 285
69 64 328
0 66 405
0 78 366
76 34 73
55 76 293
34 58 374
77 58 194
27 6 387
57 65 393
23 77 308
0 51 33
11 67 499
0 50 459
20 54 268
84 69 381
56 50 208
1 9 3
60 27 1
95 100 383
82 21 97
26 44 489
77 99 363
28 42 291
53 51 304
25 58 93
44 32 442
30 76 442
71 90 200
79 29 79
24 85 414
100 51 398
82 35 88
80 64 2
32 86 78
52 10 351
31 41 14
6 81 9
83 95 41
7 58 294
46 58 338
17 20 131
52 86 221
30 86 342
76 13 20
78 42 231
23 51 242
35 91 21
92 16 182
8 95 335
89 94 26
100 36 312
22 92 179
84 17 310
44 22 175
16 95 179
60 98 332
75 69 468
87 3 58
13 100 21
73 60 369
42 74 3
50 98 192
47 98 480
26 66 219
40 93 186
77 31 110
2 64 426
67 45 453
92 96 87
2 83 420
21 64 133
5 89 46
50 26 301
23 36 428
65 84 342
7 16 116
62 2 462
8 61 178
23 98 154
61 66 11
21 63 372
73 83 150
25 43 393
86 65 19
5 73 76
57 67 245
67 41 218
48 40 265
55 42 394
16 96 44
74 84 123
49 20 132
100 24 351
71 63 441
91 39 65
28 49 397
65 31 85
68 1 369
13 31 191
31 6 31
35 44 35
46 60 141
89 71 2
95 34 269
30 60 280
45 24 279
63 11 461
77 42 62
29 82 412
46 95 220
29 28 440
23 16 142
33 38 425
4 76 268
14 49 216
30 99 256
47 67 297
11 54 122
4 74 102
37 25 477
38 100 126
1 75 236
13 36 62
43 73 303
76 34 61
83 78 184
52 19 410
55 56 457
80 0 292
49 46 220
59 78 85
6 72 5
60 18 370
9 85 5
65 73 94
40 72 297
55 19 402
93 66 115
38 48 350
73 75 220
6 78 118
58 18 169
71 76 221
91 86 319
67 11 321
34 33 92
93 30 220
33 67 103
92 56 131
99 91 465
6 4 44
16 56 297
92 89 291
94 41 34
62 15 351
88 91 317
65 24 132
68 56 96
63 71 19
82 83 107
99 59 152
85 77 115
44 66 367
72 98 279
9 91 402
3 12 195
32 75 170
82 81 376
33 77 78
27 45 359
94 61 6
19 40 291
17 47 140
59 47 367
27 56 208
20 56 78
95 27 260
67 76 66
26 42 161
77 39 353
46 35 425
11 25 49
98 62 187
38 18 377
41 71 342
8 85 496
10 40 274
35 61 163
58 95 267
21 69 325
44 46 404
86 62 237
5 13 135
45 49 194
84 0 246
17 38 42
81 73 467
9 12 40
36 77 303
67 81 185
47 95 250
14 58 400
41 70 304
96 27 342
57 27 407
21 97 242
75 89 94
87 33 213
35 5 127
32 78 263
97 77 400
9 87 334
28 81 432
77 85 36
88 25 81
6 88 425
30 98 91
82 82 496
41 82 212
75 65 240
75 76 274
88 23 186
84 35 246
55 47 436
74 30 15
50 63 98
100 68 61
83 57 7
45 34 21
93 71 150
20 43 65
52 56 147
79 28 431
45 3 203
88 60 461
54 40 4
36 70 365
18 36 32
31 70 435
2 3 81
0 26 225
41 68 36
94 3 145
24 34 255
95 100 47
95 63 26
43 54 376
3 32 239
31 32 313
87 85 202
43 11 390
41 86 232
25 52 162
32 1 365
50 11 416
83 63 395
92 29 190
78 11 194
12 23 378
5 46 52
94 12 253
84 56 335
47 48 482
93 16 159
29 0 479
80 66 152
41 25 393
74 44 144
27 42 114
40 76 282
27 10 487
54 93 452
51 78 88
25 9 57
12 26 365
13 98 459
43 0 115
97 2 83
89 68 464
15 56 135
12 9 454
37 73 309
70 12 61
39 90 76
74 18 497
38 53 388
81 67 249
53 79 47
86 33 299
35 81 76
29 11 350
92 3 214
53 1 328
55 24 337
34 52 184
33 55 100
39 76 266
3 73 416
11 35 5
24 61 142
11 39 348
13 41 147
38 59 172
100 95 220
57 33 178
63 72 283
98 46 142
75 54 466
13 95 112
13 42 370
89 68 399
67 44 224
29 94 114
13 9 238
20 90 428
87 55 496
40 93 13
32 50 109
75 20 49
79 6 84
12 71 250
19 14 312
71 69 16
61 40 10
84 90 162
39 54 224
52 35 96
31 54 177
77 82 67
71 77 110
74 67 405
39 16 79
21 54 235
54 78 29
46 0 467
85 82 10
49 19 98
99 64 71
41 42 62
44 88 164
14 78 120
92 58 466
93 77 44
43 8 270
4 64 255
73 96 48
67 59 480
35 39 478
72 8 371
65 62 211
61 71 71
13 13 137
68 20 186
85 22 499
2 72 489
97 48 104
14 48 387
85 88 375
44 83 350
17 100 292
32 47 40
55 13 442
3 89 189
78 93 462
75 99 346
7 38 147
39 14 175
66 20 215
79 34 340
80 11 322
59 97 135
0 3 79
44 25 413
8 77 25
72 3 251
31 76 94
72 60 14
31 19 417
71 94 95
5 37 287
0 75 316
53 44 98
93 89 139
15 30 462
65 20 222
47 37 65
74 76 403
98 36 494
26 92 399
50 33 452
80 69 35
70 72 410
36 74 3
10 3 402
30 55 136
14 79 439
70 76 394
3 12 109
87 44 395
0 100 170
33 43 329
41 59 121
26 63 337
26 36 18
6 56 398
97 31 475
13 20 269
12 38 271
4 51 480
43 72 402
17 50 231
7 49 475
32 72 64
19 91 409
38 96 41
62 38 175
2 57 494
97 37 191
28 95 297
29 82 268
92 28 89
83 8 19
14 27 412
99 61 59
9 57 166
19 19 177
75 95 428
63 53 44
74 41 184
51 74 91
84 36 105
37 61 123
65 77 340
47 1 79
11 45 469
20 13 334
49 13 183
53 69 466
1 28 142
80 41 306
69 60 354
54 5 95
67 0 92
73 26 389
39 64 328
16 41 100
22 68 214
29 22 414
76 69 389
9 78 196
48 85 271
39 17 481
30 99 176
77 0 30
57 16 41
55 59 342
64 25 43
65 34 362
87 73 225
5 60 417
59 62 243
14 40 98
28 51 480
15 43 355
6 72 407
83 26 222
3 83 281
55 100 351
3 49 152
33 14 264
17 95 436
62 61 39
89 60 345
84 29 92
19 16 9
66 8 90
84 41 458
88 1 324
68 1 137
32 49 176
94 92 355
48 68 386
41 79 409
1 29 385
60 95 66
6 9 361
98 82 181
92 97 20
59 49 254
83 65 255
23 23 31
88 29 375
14 2 374
6 9 500
64 3 31
89 45 412
1 16 375
48 52 318
82 38 281
38 90 279
36 68 46
96 63 61
3 63 237
18 35 67
63 82 108
49 96 329
7 20 9
31 69 336
75 77 240
96 100 110
64 48 57
75 89 23
86 70 316
3 34 193
46 71 308
40 40 296
64 11 312
94 49 133
42 92 207
46 48 88
9 34 299
48 100 279
49 5 137
34 99 209
13 91 0
72 62 107
85 63 476
75 20 225
26 97 372
30 98 432
7 19 32
88 84 30
47 33 53
85 90 315
65 94 54
73 51 251
44 31 30
2 85 37
97 78 383
16 99 280
45 10 109
25 46 284
90 25 134
26 49 356
15 26 179
96 12 39
81 56 500
12 58 462
29 68 353
38 57 202
9 35 299
73 69 438
20 32 118
55 57 270
41 31 499
15 57 276
23 24 353
11 79 285
22 60 196
69 66 343
54 98 456
72 94 11
23 7 457
60 9 234
29 19 25
9 10 65
55 57 465
43 52 193
62 82 347
53 91 262
31 51 36
87 9 244
27 43 19
62 69 48
89 18 402
6 99 369
65 69 497
23 62 350
12 50 120
70 19 325
95 61 292
9 37 187
53 7 31
93 7 183
74 63 163
100 7 214
91 92 229
59 87 30
87 41 285
48 42 380
24 11 74
46 74 57
38 2 382
